80.0691452026
157.881393433
131.886688232
153.250732422
113.418212891
67.1618347168
161.953842163
224.987472534
103.474304199
149.570114136
149.091567993
131.147216797
181.608703613
70.3703308105
215.459671021
111.746551514
66.5246505737
193.244064331
86.2752685547
169.287902832
61.553894043
163.937774658
98.6529922485
106.472213745
215.992523193
79.589263916
137.787948608
103.633224487
130.448440552
49.8718490601
92.9286499023
178.771728516
264.716278076
36.0190658569
158.142364502
91.9890594482
111.00932312
171.838684082
175.868743896
199.553085327
89.614112854
94.62940979
104.25075531
75.6241226196
172.830200195
136.211166382
123.728691101
200.978485107
156.488586426
65.7440795898
44.8821029663
137.509078979
138.596282959
184.707778931
72.1447906494
153.556610107
73.0820465088
127.382247925
70.1681594849
148.626861572
232.781784058
18.9211521149
75.2065124512
227.318313599
129.857040405
172.52796936
89.5497360229
137.188201904
27.0261421204
106.726226807
72.1157455444
57.6513633728
173.241821289
108.098152161
29.9367771149
69.9296264648
153.815460205
147.16569519
202.439620972
138.472564697
192.543304443
102.76335144
72.4642791748
186.371673584
121.624053955
29.397693634
99.6616363525
111.585014343
143.717056274
121.69367981
151.153289795
188.883544922
138.866210938
146.626190186
121.855735779
66.3190383911
141.639526367
97.4024810791
92.6389770508
163.750015259
46.6272468567
193.467926025
89.536239624
141.405502319
131.52116394
178.264862061
123.331703186
66.4910964966
141.631713867
139.492889404
57.5456504822
112.612991333
116.304504395
166.677124023
75.5043182373
147.215530396
87.3910751343
98.1004104614
149.068756104
57.8960456848
106.305480957
152.88192749
59.9362182617
224.196502686
101.27532959
203.77973938
88.1350402832
178.382781982
77.6626281738
119.806053162
164.918746948
139.923446655
161.102844238
114.363868713
169.766769409
109.012901306
124.815612793
104.295455933
146.774368286
225.91116333
141.649963379
209.036773682
73.5592041016
43.8677177429
181.242095947
237.355834961
155.153152466
183.671508789
209.312698364
164.881988525
159.849349976
78.5917205811
55.9495582581
218.847732544
291.642669678
162.056427002
76.150100708
86.6709594727
123.247047424
80.6590881348
99.5155258179
33.7544708252
63.8219604492
43.6216812134
138.963973999
37.6630439758
171.214538574
78.9963378906
136.846908569
51.1548957825
45.3925094604
64.4375762939
92.0001983643
163.014190674
157.193450928
47.4429016113
172.484664917
144.713363647
57.4575767517
22.0648155212
55.9134063721
115.888008118
42.048324585
73.8736419678
31.9855537415
161.701599121
156.037780762
105.660438538
47.6945075989
63.6850090027
37.5411338806
124.39050293
145.92048645
240.058639526
74.5309753418
77.6339569092
66.9543075562
94.5425109863
125.835830688
45.4747047424
87.0316696167
94.1835098267
135.139953613
158.954315186
137.601165771
59.6361465454
39.4879837036
250.969238281
95.225151062
190.614685059
117.417457581
89.5555267334
73.9250640869
191.032806396
230.322479248
120.575088501
151.749130249
158.128372192
133.917831421
79.1499023438
104.091964722
45.087436676
95.0517654419
122.215621948
64.5891189575
135.67036438
108.801177979
153.879486084
62.9860229492
91.5335388184
21.3651599884
40.8077888489
20.2376689911
86.9608764648
323.554992676
128.436477661
79.0437011719
140.281311035
102.139831543
149.73336792
129.775650024
357.793701172
13.5141010284
156.894424438
102.488395691
88.3546981812
208.398010254
126.562088013
131.981048584
103.526062012
52.2501678467
90.4616851807
79.2291564941
216.219772339
122.790534973
100.957275391
157.875396729
165.864517212
160.364227295
236.312301636
266.645202637
148.037719727
114.46270752
233.39906311
87.1913223267
38.7956581116
154.301849365
121.580360413
115.846511841
122.612960815
160.125610352
172.406936646
124.836746216
79.8110046387
78.321395874
71.5855636597
38.1992874146
34.8562812805
126.100028992
51.3224182129
139.830215454
131.025054932
50.6211242676
14.6202907562
128.524887085
11.1164951324
55.2277374268
90.7774658203
41.6457939148
135.082519531
164.177307129
107.110031128
152.250030518
131.195709229
109.225799561
142.509780884
146.89994812
135.805480957
92.5774765015
166.563201904
144.083755493
130.208587646
117.389801025
143.548461914
157.747207642
97.2642211914
181.698226929
149.861480713
75.266494751
95.3380661011
115.364974976
115.41884613
73.734954834
69.1488800049
73.8800888062
132.046569824
32.0772018433
40.17943573
80.7019958496
76.2207717896
128.160583496
134.110168457
90.7528305054
54.2903518677
81.5261001587
60.0245437622
115.354614258
121.382781982
149.170639038
98.4786987305
106.280975342
52.397693634
51.2978897095
96.6961364746
172.032012939
163.714065552
131.172348022
138.443649292
67.6081771851
33.6450958252
25.1232700348
78.3893737793
98.3772659302
45.7448730469
102.745246887
63.7732048035
136.518875122
151.971954346
138.378799438
52.345413208
137.212142944
128.059997559
164.710632324
186.636016846
117.307945251
150.699752808
46.4123458862
128.361312866
112.351776123
88.7918395996
22.007068634
122.413696289
123.77507782
189.803543091
26.756893158
54.4853820801
152.216217041
37.3771514893
158.514434814
96.1947174072
70.7224197388
122.974884033
155.358169556
300.849487305
27.527967453
198.373565674
89.4148483276
69.3872680664
67.0750274658
169.384368896
150.68788147
67.2972412109
178.439361572
417.259429932
99.6143341064
192.984176636
89.0180282593
91.7722015381
135.121154785
154.643981934
133.647994995
42.2591323853
38.6253890991
252.577590942
228.117599487
165.761795044
65.9330368042
137.841033936
134.311599731
107.063957214
119.547111511
114.006332397
337.435058594
161.481735229
37.2693328857
112.01789856
116.070518494
38.8883552551
235.819046021
26.692653656
83.5961074829
71.5330734253
281.735198975
77.6513442993
234.691940308
98.6000976562
214.054107666
118.539787292
72.5039520264
82.2837600708
134.973464966
100.236022949
133.048110962
101.795166016
67.8069839478
77.7877197266
137.75617981
111.486938477
167.598678589
45.3449440002
70.0453567505
118.78188324
118.758872986
137.819122314
153.898986816
151.566864014
38.5735473633
212.08164978
142.352996826
171.084838867
189.927612305
112.519683838
77.2594146729
79.2614440918
50.9936485291
83.5808029175
92.9735870361
49.033531189
33.3332481384
194.198150635
37.3470573425
108.591217041
162.283126831
37.0991821289
147.373458862
136.50328064
136.020141602
147.152526855
82.6355667114
133.691802979
105.731643677
98.9436950684
244.663848877
146.126266479
131.306350708
153.591598511
127.199104309
112.937088013
124.838043213
44.8602218628
84.4463729858
56.1039886475
129.554718018
44.5147705078
97.373336792
30.4902095795
23.8722801208
198.538269043
86.8001403809
119.450622559
127.529342651
66.7233581543
123.03666687
60.9845199585
115.891838074
179.91960144
132.800811768
48.6687583923
128.377914429
124.452575684
145.943496704
210.577148438
163.894058228
39.0837173462
154.549560547
230.894104004
64.1281967163
155.711410522
47.2523155212
158.689422607
168.288513184
145.928787231
180.105010986
32.1761322021
133.479064941
71.4933013916
34.3473129272
222.395889282
152.855010986
90.248374939
62.1320953369
119.420501709
74.2842941284
202.132247925
150.833618164
36.652305603
67.5786132812
114.902641296
107.120498657
113.42615509
91.0212249756
81.6773071289
186.991622925
109.709732056
151.629180908
80.08543396
60.3255462646
79.8802871704
142.930862427
107.143417358
161.574188232
124.200004578
165.036651611
61.2323379517
53.838809967
119.373809814
74.1242752075
16.0983295441
31.4777889252
94.0428771973
184.965255737
77.3427886963
43.4272232056
95.1362457275
87.4159622192
72.8228225708
106.475265503
45.4578437805
148.187240601
142.384262085
92.5654144287
49.3683166504
51.6743278503
126.101150513
240.273452759
215.194168091
53.5771179199
66.1616744995
174.128875732
151.016845703
146.060791016
150.447189331
106.988128662
60.2678337097
133.095993042
73.7860565186
33.2824020386
59.5791168213
110.576332092
61.3708343506
30.3613910675
76.2094573975
148.808914185
63.2837371826
85.4921569824
38.450088501
39.7791900635
48.0351486206
76.1011352539
49.7820701599
41.7439918518
53.9246864319
18.1456775665
58.8308982849
20.8290481567
88.7417755127
185.221496582
155.129379272
133.132080078
84.3644180298
150.769348145
115.601791382
46.2963943481
120.1690979
82.4921417236
172.603851318
60.2493286133
50.8242263794
108.76763916
82.3994064331
123.248451233
77.2671508789
43.0982131958
112.612014771
96.410736084
80.4830551147
44.9070472717
69.3262710571
77.6108856201
68.70287323
64.5632781982
147.068099976
84.0970993042
33.8760910034
117.345825195
72.2029647827
121.292358398
100.340530396
65.7334671021
137.937942505
71.7463226318
67.9545898438
108.373893738
100.733673096
34.3941726685
112.442672729
116.910827637
39.7347564697
62.2387084961
44.9549713135
52.719543457
7.11237716675
81.1526184082
92.5004577637
42.508228302
67.210105896
163.700271606
136.659210205
54.1814231873
104.349815369
53.3523139954
82.2140350342
76.090057373
101.283813477
28.9126396179
50.0766601562
110.91784668
123.776916504
44.438331604
74.6552963257
126.188217163
112.115074158
201.34715271
122.918823242
169.343933105
129.11541748
219.221740723
142.42515564
35.3860397339
159.813156128
50.8994064331
45.3091926575
60.9233283997
68.395980835
126.990715027
269.78616333
57.4798812866
68.7498931885
110.613456726
99.4474487305
91.770866394
201.319976807
171.700759888
151.451644897
40.6003570557
153.633331299
67.0461044312
48.8160476685
123.706939697
76.510093689
96.8423156738
67.5165710449
113.753517151
33.3023681641
51.6767501831
62.7127990723
94.2346038818
160.044509888
42.3471069336
104.749832153
47.8345947266
71.2813110352
90.9677581787
80.8698883057
160.750961304
149.995864868
88.3995132446
248.244445801
30.5515861511
205.96446228
131.361999512
161.560195923
136.266616821
39.8526077271
132.983810425
70.810256958
91.1212081909
26.4432144165
137.542694092
78.2498626709
63.5562820435
78.7319641113
130.934814453
212.108123779
122.939697266
80.830947876
67.5447235107
161.355758667
149.65234375
191.583908081
105.667762756
232.565551758
155.552337646
50.5420150757
169.351135254
148.34552002
158.868759155
153.271057129
61.4422302246
140.658203125
55.7611122131
147.821182251
106.868728638
98.8023452759
166.366958618
163.03414917
211.963180542
231.446472168
84.4228820801
144.090652466
152.505157471
79.146270752
211.458633423
189.006347656
197.710205078
70.1787185669
175.974441528
113.610443115
118.689064026
65.5433044434
68.1701660156
105.274978638
106.609489441
192.593536377
134.362991333
204.507965088
165.123153687
61.8206558228
63.0752182007
145.433166504
108.340377808
110.818130493
7.28396987915
97.3045654297
32.2376251221
121.022865295
74.9018859863
72.6875915527
54.9552650452
117.086967468
48.0691719055
74.7288818359
141.859451294
52.3378257751
63.4778518677
77.8660125732
133.282531738
7.28396987915
78.6668624878
77.4256515503
85.8029632568
124.023361206
128.899337769
132.289535522
28.4507484436
106.307518005
155.174987793
48.7188186646
141.599227905
35.3481788635
100.431266785
239.549407959
56.4428596497
237.10093689
154.348693848
183.237579346
61.3893203735
228.619232178
93.9897613525
35.5814971924
132.743148804
200.151672363
74.7755203247
149.544586182
187.936096191
62.0828552246
99.0059661865
119.321395874
137.794372559
169.960403442
175.008087158
100.405975342
101.016456604
129.442108154
91.2682266235
130.310501099
98.6480484009
142.858352661
54.4670448303
71.6806945801
74.1178436279
57.890335083
72.4530029297
87.0291519165
99.2159576416
84.9288253784
77.7581176758
166.863952637
152.660125732
87.1499633789
183.739776611
118.209701538
78.3207244873
115.496307373
101.458633423
61.3558578491
96.3045043945
96.7568511963
122.22164917
110.856781006
148.541503906
94.8717041016
99.5813293457
59.7432022095
99.7418823242
97.2795715332
68.0018463135
103.654212952
48.2485427856
52.0810241699
103.170211792
152.558074951
28.7127609253
144.45980835
85.8842010498
72.6490097046
68.6032409668
74.8522644043
85.5595855713
120.830467224
136.029815674
133.165252686
86.3560791016
120.102630615
40.6847000122
108.350914001
100.097129822
45.6494598389
56.7951660156
123.882247925
54.7498321533
31.8849868774
57.8252258301
118.313941956
155.973617554
134.564743042
123.483444214
56.3090133667
109.250770569
75.4137878418
86.8120574951
133.264602661
35.174446106
73.0906829834
135.021713257
59.2323188782
111.683578491
52.936416626
55.4893875122
132.5965271
71.0760955811
75.8406066895
114.064056396
84.7140960693
94.5051574707
58.515914917
225.851333618
131.546707153
215.172836304
101.958274841
105.998580933
117.809806824
160.18536377
67.12840271
122.024925232
43.6637496948
158.038314819
73.8821792603
90.5147247314
16.591337204
74.2976074219
130.781494141
30.3012485504
36.344619751
33.0160140991
88.7417755127
129.405166626
88.8167114258
129.832504272
136.587478638
33.5954437256
96.3568878174
54.2072525024
109.599380493
84.3133239746
60.4774971008
48.3195266724
92.9597625732
92.3835983276
105.189575195
176.162689209
96.2901611328
92.5211334229
118.022224426
82.1595306396
108.498413086
166.296051025
98.3382339478
165.4190979
95.2915725708
123.626991272
131.611206055
99.4244537354
102.607086182
42.7156028748
100.790374756
116.678977966
73.4206542969
71.2519760132
47.4735603333
123.097122192
193.703765869
80.027885437
74.8652954102
56.1369857788
122.766555786
167.423080444
54.1747055054
186.390930176
108.103996277
16.4500179291
92.8885498047
69.4449996948
119.980224609
129.673126221
48.7209701538
59.8166503906
144.139862061
63.6992607117
63.9565734863
66.521156311
151.42199707
86.2554168701
80.151260376
56.3123397827
149.668182373
133.535217285
60.7097244263
148.019226074
75.2665405273
171.285812378
92.6880722046
183.611663818
144.568328857
88.4329376221
140.931152344
111.847198486
43.5654220581
24.1547603607
28.6829948425
31.8618869781
144.410415649
90.318901062
70.7414932251
90.6896743774
37.8582801819
88.8107376099
49.3908157349
76.7266693115
157.935195923
143.074905396
71.5394287109
142.577957153
110.881103516
43.121761322
156.016952515
53.7035217285
56.6808357239
63.2313690186
24.0788841248
35.9856987
7.32990837097
178.207946777
138.428268433
196.190567017
162.564315796
107.03666687
19.9264755249
36.8028488159
88.5029830933
390.148956299
117.83404541
96.4044189453
98.1840133667
68.4966888428
111.654098511
214.374328613
21.8477935791
22.1049079895
258.870666504
69.6085357666
111.837142944
81.5765304565
130.020385742
144.092712402
362.633636475
76.4962844849
210.555023193
82.8465270996
106.276039124
222.472442627
186.88117981
299.667419434
58.6681365967
55.6973724365
27.0521221161
156.699371338
43.9450340271
51.1702842712
75.4037399292
50.0754318237
14.040807724
23.1761016846
97.1179351807
117.319656372
53.3881607056
135.034225464
14.7222156525
122.045776367
115.692779541
89.7646636963
121.398674011
112.483810425
138.51473999
179.804168701
20.1150474548
91.2764663696
117.034172058
115.124435425
65.4394836426
15.6961126328
85.7676849365
102.510520935
88.8823013306
101.976089478
123.685913086
172.579605103
51.2048797607
23.6275463104
23.0371437073
51.4028091431
45.3519935608
38.2449111938
110.233787537
195.498977661
129.883255005
65.4509124756
127.03338623
200.567520142
117.089187622
19.1200218201
132.611923218
102.917778015
121.626754761
150.568161011
96.9139099121
254.230880737
64.2025985718
40.7478218079
160.241775513
40.8252410889
38.1468734741
102.307693481
251.50378418
193.993972778
142.0987854
73.5037002563
100.293365479
66.4399871826
104.086845398
122.501220703
80.4323272705
138.452575684
108.508010864
198.051925659
97.0730667114
53.7264709473
54.7921905518
97.4851074219
88.6383132935
82.9956436157
167.999847412
156.334671021
38.0185661316
135.932144165
124.479736328
185.564758301
64.9037780762
110.413253784
113.264938354
18.896818161
55.3240509033
55.7030334473
68.2440109253
73.1093826294
146.900650024
90.0850372314
92.5911483765
129.881469727
175.004241943
131.442138672
48.2089538574
106.567985535
46.8732070923
203.990524292
132.856658936
111.66759491
140.388397217
137.529159546
198.105667114
209.239944458
239.714035034
41.9992904663
172.412719727
71.8409347534
195.294387817
43.3676986694
39.0263023376
55.2616271973
57.8465957642
125.762802124
176.272460938
78.403717041
100.637161255
52.2138290405
87.501373291
47.4936981201
179.60824585
33.5534973145
126.269355774
94.3168182373
55.6241989136
89.5975952148
24.6950588226
86.6320571899
24.250585556
158.162368774
126.509658813
143.861923218
102.913955688
217.101150513
38.7570571899
87.2904510498
67.4596557617
78.3732833862
218.614196777
133.302612305
110.968254089
40.7163162231
209.642868042
186.662887573
178.494171143
186.553344727
38.8759765625
189.028549194
159.255004883
152.628250122
89.5276031494
65.9036941528
98.9909515381
42.4538574219
50.1296463013
129.466339111
145.365631104
164.850738525
106.114883423
87.5094833374
201.078018188
10.5743646622
46.14503479
125.294586182
80.6338348389
116.202316284
33.5260276794
65.5008239746
182.094528198
125.273902893
92.1430282593
120.94229126
57.8208465576
83.1329879761
150.233688354
87.8385238647
87.7908782959
92.7981719971
137.687973022
105.530807495
187.480926514
81.1830749512
149.217651367
102.409889221
157.00239563
73.6682281494
121.096122742
173.602905273
64.7522277832
40.2499008179
9.70970058441
110.963165283
145.84274292
45.1896820068
61.5514755249
57.938457489
34.4105644226
95.780632019
27.1021595001
56.4683036804
176.086425781
141.731842041
60.0255432129
109.930091858
40.968788147
99.321395874
137.229034424
30.3738651276
99.9724578857
128.877243042
99.7146377563
159.979019165
164.431976318
87.4856185913
234.589950562
67.6050491333
101.01852417
41.1193389893
135.148864746
63.8215560913
125.333450317
82.9066848755
46.7796669006
60.8621139526
104.978820801
189.70652771
66.9631195068
126.780807495
92.4353866577
210.959747314
78.2880706787
35.3254013062
153.031768799
134.463134766
105.338310242
98.8369445801
272.725646973
200.408355713
151.281661987
227.253112793
242.311508179
135.657150269
146.591293335
75.2649688721
201.830123901
270.410766602
119.231079102
182.835342407
165.595504761
161.698242188
157.837402344
238.667327881
196.073348999
123.505264282
220.786254883
295.651428223
197.561248779
69.3524246216
97.734588623
140.092147827
51.4414024353
180.558883667
54.8588790894
181.539962769
93.8764266968
161.411331177
42.3069229126
185.10017395
86.2201690674
82.1580123901
207.775283813
27.6519908905
89.7719802856
120.398468018
52.4778938293
97.0706253052
98.7679214478
147.900039673
150.78137207
105.825469971
66.4815444946
157.555328369
152.042724609
64.3985748291
53.6966094971
90.897605896
133.362670898
146.990005493
163.767745972
235.100723267
84.410369873
104.998306274
65.27293396
106.038574219
54.4317169189
134.298233032
73.5196380615
55.4023666382
64.3262786865
63.7217178345
116.917556763
145.178985596
113.499984741
64.7439041138
82.2263641357
119.175804138
143.890579224
96.6101074219
84.93309021
137.712966919
64.1180496216
95.9429473877
125.860809326
83.3071899414
57.8642616272
50.7600479126
49.1666717529
167.817749023
62.0560150146
141.577697754
96.4432220459
116.658424377
154.810119629
116.07660675
65.4709014893
49.1858100891
134.211013794
128.854797363
93.4149017334
329.91217041
120.300987244
101.697273254
21.6262245178
104.423187256
114.972930908
111.970497131
71.237487793
61.4775428772
141.052688599
163.364181519
92.6908416748
45.9812278748
193.513336182
119.065490723
105.362518311
40.0112228394
230.636672974
102.117111206
137.015594482
124.462875366
64.7991333008
127.522766113
189.650604248
68.7532119751
120.360443115
58.744140625
180.530517578
82.6746063232
212.446029663
112.740951538
143.156326294
111.237129211
114.331336975
131.966033936
167.380477905
94.2291793823
91.9500045776
122.577865601
132.148300171
75.0654907227
176.267044067
53.6853981018
59.3418731689
132.091400146
176.83631897
52.4589004517
68.2274932861
94.6335449219
105.0703125
63.019203186
138.76864624
177.027420044
45.8670043945
90.3437271118
148.185424805
103.948509216
32.7985954285
34.2427330017
61.8443527222
87.62159729
99.8078994751
82.3685379028
74.626121521
117.991348267
17.755317688
146.011016846
100.432342529
54.4291038513
65.6240310669
60.5261726379
19.9294757843
171.458190918
110.596847534
42.0599212646
204.515487671
38.2090950012
56.5065917969
23.5745868683
194.131637573
47.7901115417
175.948852539
25.5642547607
51.1453361511
24.3669929504
146.224807739
119.840194702
128.472839355
57.3761825562
200.791778564
87.4939422607
67.2108688354
49.4348602295
123.532371521
71.535484314
75.5395202637
40.3626251221
44.3998222351
53.7723503113
96.3817138672
161.543273926
17.755317688
158.900695801
106.719963074
57.8662490845
59.4622421265
259.513092041
106.356124878
73.9443206787
88.2573394775
143.653762817
194.031051636
79.2766189575
71.8343200684
85.2024154663
155.140563965
97.3531570435
85.191619873
52.1035690308
126.033248901
68.7976303101
155.786834717
127.883422852
106.721817017
212.412506104
80.2220230103
127.120521545
130.282806396
204.410919189
80.9416122437
105.320388794
149.895736694
88.5840606689
175.168563843
88.3860473633
140.016876221
82.5879364014
93.5389328003
62.9114303589
61.7803268433
143.889068604
211.195419312
100.166244507
80.0098419189
84.9584121704
182.061096191
137.976425171
42.3455734253
131.687835693
54.9272994995
122.696685791
138.563674927
141.830932617
228.070724487
93.9988632202
38.8172340393
56.2644500732
293.305328369
111.083282471
65.9496307373
113.44783783
112.88192749
257.17678833
56.1006889343
118.016700745
53.5625114441
81.506652832
129.034179688
147.286178589
118.269042969
85.610458374
45.7944107056
32.4608306885
68.6351776123
34.7257728577
35.2751464844
85.3236160278
156.850784302
134.797271729
148.308837891
68.3590393066
256.668060303
117.499290466
135.800689697
94.4217758179
75.8226928711
230.952651978
113.233650208
132.927429199
111.583969116
160.339080811
193.552383423
143.682067871
110.798141479
139.561203003
89.5792236328
123.134384155
84.6553421021
117.205032349
78.2133789062
215.001235962
82.4445266724
104.143005371
149.438674927
82.8979644775
59.7727012634
124.49495697
36.8703918457
211.095306396
163.719482422
185.81880188
174.143936157
78.227973938
127.697235107
155.060028076
66.7991256714
83.183921814
164.978424072
170.568008423
58.3400344849
112.714065552
132.677490234
86.9962921143
105.604850769
188.408462524
57.7412261963
81.3799209595
49.2172241211
74.1994476318
49.3974304199
24.3304576874
184.284988403
107.492538452
36.2796936035
124.004707336
194.790145874
167.632965088
61.4620132446
129.681640625
115.993003845
217.322158813
163.78918457
79.2454910278
171.507247925
167.671936035
141.617004395
196.583953857
110.610054016
103.302978516
53.1914482117
65.2343292236
113.898376465
215.763916016
149.813796997
138.792480469
213.540664673
65.5922470093
100.00214386
99.1793823242
77.6935501099
149.299850464
101.485626221
188.625366211
219.206573486
151.703765869
144.85736084
109.672897339
41.1716842651
27.0219154358
98.6160430908
60.0022544861
50.0388946533
164.26133728
170.762313843
153.300094604
53.7664146423
81.9217224121
105.664932251
76.4111022949
107.066955566
199.624557495
116.388336182
99.0734710693
82.6096725464
104.232421875
149.986602783
152.967651367
144.857299805
142.331283569
72.3610229492
137.269134521
131.278564453
200.613098145
175.082580566
97.2387237549
214.247009277
225.797912598
115.230560303
164.406448364
118.952774048
116.56552124
60.4539527893
123.597991943
133.897506714
65.9686203003
145.071563721
143.48828125
93.3403167725
66.9878311157
90.9940185547
197.577758789
220.571807861
118.187286377
104.338699341
79.0515594482
43.1045646667
229.542266846
105.682754517
92.8255844116
51.250038147
111.917182922
113.175094604
77.1598129272
136.826141357
73.1464080811
151.708297729
33.4628486633
89.8828887939
156.400146484
124.400878906
150.480484009
72.9078369141
45.6031265259
53.8648910522
41.7755699158
134.827957153
166.741271973
79.8522491455
68.6288375854
232.954788208
109.466796875
179.461471558
154.792236328
76.0266189575
60.0324478149
79.0510559082
97.9236831665
174.549087524
77.8510437012
29.0764865875
118.237014771
136.856781006
162.929901123
146.103759766
103.745910645
51.3532714844
85.3235244751
104.255432129
69.7121810913
105.845283508
91.2657012939
14.6202907562
21.8025741577
139.574874878
7.28396987915
85.1270599365
54.4085845947
143.189224243
65.2124252319
22.7456207275
171.889221191
154.711120605
104.450256348
57.5472717285
271.514221191
173.339904785
281.264770508
102.075958252
184.316253662
184.263824463
151.148742676
86.9498291016
156.611968994
170.425857544
153.425872803
127.672027588
268.649597168
182.767425537
115.512031555
132.484390259
132.071990967
153.803192139
41.6871986389
241.455627441
197.087173462
99.7270431519
64.9531021118
26.7453708649
147.936340332
53.7816696167
200.409225464
249.672424316
90.169380188
145.513931274
147.247161865
214.029190063
30.9663906097
104.644012451
253.228225708
58.2034950256
117.603881836
119.629203796
54.2710609436
129.060760498
113.008407593
115.239196777
107.498657227
61.1646080017
19.8028450012
98.3166046143
61.0648498535
81.6314544678
35.8771972656
8.50918197632
180.760742188
97.562286377
61.1272583008
137.867965698
253.982620239
102.2889328
42.3712387085
62.0212211609
40.3979568481
44.9526252747
29.2260398865
14.6359672546
26.9272518158
189.537475586
148.568618774
191.167480469
130.157089233
36.7263679504
37.6175613403
162.641830444
133.537261963
61.9798774719
46.5918159485
78.6409835815
103.028488159
45.4801101685
91.6463546753
70.4812316895
72.0322113037
158.066986084
110.086341858
48.2430038452
105.926246643
211.124053955
98.4149093628
103.055519104
107.111190796
96.3191070557
119.142204285
43.1195411682
114.642242432
109.366989136
78.9603118896
107.465896606
125.662719727
92.1990203857
119.895599365
116.1354599
106.853118896
89.8426971436
21.2899246216
57.013885498
216.027679443
128.866729736
37.4668884277
18.8226795197
58.0057487488
127.474647522
137.921630859
89.5415878296
58.6265106201
168.677963257
79.0270233154
41.4622497559
146.86114502
161.555618286
46.0117721558
124.971893311
80.8141174316
55.4049911499
157.385223389
67.4337387085
74.7925949097
75.2642822266
124.446144104
28.6110267639
105.556625366
60.1570014954
277.112854004
202.805084229
40.4716339111
13.0221195221
135.395187378
169.474639893
124.078865051
164.303375244
161.829193115
106.772026062
91.4726104736
133.946456909
100.027618408
106.218276978
131.453979492
78.2721710205
141.400924683
179.255264282
134.649017334
162.880401611
136.880447388
250.644866943
92.8651885986
169.612884521
146.241546631
147.247283936
174.422027588
159.157333374
114.74949646
136.183990479
70.1853179932
111.698577881
85.9440841675
95.3100662231
80.8737869263
94.2036972046
87.3160705566
82.8928527832
22.08244133
116.752578735
162.678787231
125.730964661
46.0648574829
31.9307670593
116.635284424
136.388320923
107.87853241
103.871780396
78.4678115845
154.382904053
75.4739685059
132.697296143
123.921920776
100.809555054
95.9787902832
69.1280136108
92.6506195068
50.5798339844
78.9931335449
45.4326400757
14.5689697266
75.165763855
107.211555481
20.6996459961
106.845748901
192.663452148
72.1996307373
102.685317993
95.4827346802
168.891082764
70.9693145752
95.315864563
185.112976074
51.3023643494
128.426651001
136.85585022
246.718566895
58.7185249329
196.239532471
104.849884033
165.10357666
10.8911552429
124.470054626
93.6966705322
139.885757446
97.6556625366
47.0362091064
12.4734125137
90.9958267212
61.4221725464
91.4562988281
87.9100112915
174.083816528
113.669548035
87.56640625
127.401489258
20.3506717682
145.3175354
193.400421143
36.1573143005
25.1647129059
62.9943656921
107.968276978
29.5239562988
36.5531425476
121.612228394
182.049530029
109.824874878
129.057601929
53.9386520386
28.6158676147
16.2343330383
89.3948822021
42.1940536499
103.017097473
121.66178894
90.1953887939
36.9388656616
134.184402466
165.359786987
124.502700806
39.7151794434
35.4612197876
151.419631958
73.5486068726
176.754241943
134.543563843
34.1919174194
21.8738613129
149.450531006
19.9176883698
124.434112549
90.6525726318
169.254943848
38.132774353
87.1283569336
82.9357299805
67.6333694458
57.7199478149
104.206230164
83.8455352783
36.9534797668
18.8111915588
132.333267212
86.5596389771
228.487609863
126.44342041
144.246063232
144.967514038
112.700012207
173.110610962
22.9875717163
139.688415527
223.641723633
24.8554191589
31.4055938721
142.249145508
43.7332458496
193.271438599
149.292938232
107.977020264
71.3142471313
181.774398804
76.263381958
217.150238037
171.824203491
178.658660889
99.537399292
179.408782959
69.2518234253
78.3328170776
124.299087524
186.951705933
158.56652832
76.5388793945
26.3685131073
154.06362915
15.8881702423
6.79111003876
124.404960632
14.3921356201
117.435928345
115.596733093
140.726989746
180.791351318
184.262466431
197.87928772
81.3584136963
152.449783325
161.130462646
127.922439575
106.529884338
31.1367301941
108.845916748
59.9229812622
76.0670394897
82.3220825195
208.162963867
47.468170166
51.3276405334
153.273483276
45.1704444885
27.3811950684
143.050369263
74.0559234619
118.547782898
47.637512207
35.6943283081
113.703422546
55.899848938
22.6974449158
67.9376449585
94.6679611206
71.829208374
24.8049926758
80.3585357666
74.7290039062
136.141998291
47.9057846069
25.5955696106
93.736831665
142.661895752
71.8512878418
246.523345947
115.972869873
80.8588943481
54.4647789001
153.186233521
52.8561210632
98.7382202148
110.962219238
62.3946647644
109.500137329
212.728027344
172.981262207
49.5305366516
101.161239624
127.922264099
40.9756469727
175.593765259
51.6074752808
52.7446975708
112.82824707
58.5180168152
147.248153687
105.974334717
145.117095947
106.96308136
168.537963867
78.527633667
81.7205963135
119.522476196
136.091445923
112.455612183
150.590759277
157.574508667
141.602386475
154.460021973
182.059921265
100.330581665
85.2142486572
180.667602539
88.9400863647
113.672180176
49.3883514404
101.304046631
71.3430557251
203.778823853
167.697662354
112.132522583
199.888412476
160.43460083
63.7717437744
126.131744385
65.4091186523
78.4120635986
95.2797775269
77.6168670654
115.074394226
170.161254883
61.7272605896
115.779998779
131.121383667
188.479187012
120.725860596
106.160942078
29.7235717773
144.623046875
127.065505981
52.7605895996
176.436309814
229.808334351
53.3099136353
180.602981567
163.086181641
189.939071655
98.4290924072
59.7142028809
50.3826370239
110.886993408
58.5363922119
89.1877441406
65.2985687256
218.301818848
171.240646362
109.343505859
99.8198547363
141.41166687
123.774475098
132.299407959
113.412506104
68.4981002808
148.577301025
128.476654053
187.355926514
168.853210449
140.311096191
156.816940308
50.9678039551
127.720832825
165.401977539
209.068222046
61.9035110474
157.657653809
153.938613892
169.878463745
107.053657532
106.763664246
113.097732544
158.242431641
80.1175079346
127.109741211
25.6144943237
122.013557434
53.1487541199
51.6370887756
19.0456085205
123.159088135
66.704460144
80.5890197754
146.3984375
87.076171875
135.387771606
75.271774292
155.753677368
40.1893730164
138.689346313
81.0354919434
49.3104705811
102.07334137
170.710861206
146.687850952
45.4922523499
88.9633865356
65.4611434937
86.243309021
133.871276855
106.622329712
49.6886978149
40.5171737671
68.6431121826
66.1756134033
32.2300376892
87.4136352539
22.007068634
57.3985061646
170.802139282
37.1783905029
180.357025146
104.595726013
124.256118774
191.730239868
112.6746521
91.0795288086
101.724113464
173.344940186
86.4387588501
132.996734619
244.022888184
78.2875900269
152.271179199
119.290710449
45.734375
67.4547958374
44.6670646667
65.5306243896
146.3775177
137.092895508
133.63142395
114.654708862
201.336486816
67.0733642578
248.68031311
98.860748291
131.1925354
189.099807739
64.1016540527
191.454345703
146.174560547
250.94303894
106.426467896
77.777557373
132.830490112
105.967254639
154.913238525
74.6103744507
70.2397003174
173.759643555
53.0451431274
35.1861457825
105.40637207
228.496490479
200.709701538
146.061126709
49.766708374
142.389144897
207.992675781
148.642196655
158.081878662
99.7728424072
42.2594451904
73.4479064941
141.762802124
79.6793899536
230.703613281
198.203842163
184.354568481
138.18939209
217.30796814
80.5456848145
74.815574646
55.9238548279
39.4319992065
60.5345687866
131.749176025
167.4168396
100.689102173
202.240264893
177.756408691
149.950561523
175.432495117
272.814971924
147.402709961
93.5323028564
80.6233901978
20.5166549683
207.483596802
191.742584229
134.922073364
249.293640137
108.455795288
36.8342132568
138.054016113
175.96194458
177.064300537
66.1963653564
173.025466919
263.026916504
149.373977661
98.9634475708
102.694747925
29.5902309418
43.4355392456
101.519714355
91.3990859985
155.399429321
147.483123779
127.472640991
101.755737305
137.427947998
120.215072632
82.9443054199
207.018005371
68.1492996216
53.4210891724
43.6810379028
72.2635421753
25.7750205994
40.1124229431
71.4211425781
177.170959473
82.5541992188
40.2490386963
91.6390228271
78.8419189453
108.791229248
119.407302856
78.7558746338
111.039802551
84.200088501
130.202789307
110.003684998
55.2315254211
60.0952224731
83.5025634766
129.638305664
92.1679534912
147.483306885
34.668510437
150.121917725
143.729156494
190.249832153
76.7983093262
80.6719894409
188.934387207
95.1023101807
172.286499023
107.59853363
165.242279053
167.681808472
153.280731201
86.0602111816
56.4295501709
54.770149231
74.5838394165
139.271179199
142.178955078
93.0738067627
39.9109153748
211.941650391
94.7863845825
74.8221817017
30.6284351349
38.8044166565
39.5814933777
93.6243515015
99.4685058594
160.626983643
55.6369094849
42.3490982056
17.4106025696
144.386428833
154.166687012
134.281814575
396.432861328
206.333129883
65.8079147339
79.7177200317
102.778465271
107.758285522
60.5737724304
71.414894104
23.3820648193
78.9053649902
154.38621521
109.418029785
108.064971924
71.2711257935
31.057723999
198.115844727
45.4784660339
122.761825562
87.1578903198
142.064147949
92.3825531006
123.852859497
153.134933472
55.9708480835
97.5946731567
144.740447998
119.575561523
217.60458374
68.3288879395
137.272491455
229.557723999
211.065490723
39.560344696
13.9966506958
156.795761108
121.791633606
187.095855713
169.216598511
23.9027061462
204.071594238
173.165893555
98.1508789062
111.548202515
117.911186218
30.8111228943
43.3368759155
169.140350342
91.1285705566
38.0199966431
179.353042603
88.5653305054
152.372406006
208.959564209
95.968711853
135.904129028
101.351074219
123.179016113
16.7785320282
75.7739944458
106.201774597
140.653793335
58.607383728
145.256362915
49.7161369324
148.405975342
142.138839722
93.0052566528
81.5681304932
144.234954834
28.9403152466
99.5466766357
104.103530884
132.461502075
86.2762451172
19.32554245
35.5804176331
68.6219024658
59.4488449097
81.2169036865
114.223480225
71.8882675171
112.374099731
151.95362854
140.033401489
51.6714859009
35.2699661255
135.003768921
145.260559082
118.542877197
59.0623512268
132.702270508
232.509414673
85.2610778809
79.5939102173
137.901489258
86.6024780273
194.329986572
90.6146087646
202.221679688
158.156738281
56.3399047852
66.632850647
176.065093994
85.313873291
62.404006958
85.9507904053
71.1880722046
90.4251403809
129.451141357
63.398223877
54.5556221008
62.4445266724
121.820899963
134.611846924
135.251953125
165.791152954
54.6026382446
104.646484375
126.53868103
206.376037598
69.1130981445
38.5951538086
25.4938373566
53.0077209473
88.4225006104
37.5774040222
185.742202759
60.848400116
59.3811531067
32.60364151
165.611480713
186.523696899
144.796920776
21.6070194244
122.766464233
178.893249512
169.4090271
216.143722534
114.234413147
68.5804367065
222.697998047
176.461029053
222.547271729
90.5533752441
105.791564941
223.038391113
208.447311401
208.540878296
104.361465454
52.2797164917
156.633178711
265.87890625
114.82976532
98.0482559204
147.865631104
133.724761963
160.089996338
187.237243652
47.8279647827
125.04058075
97.2777252197
114.249435425
132.569015503
218.319915771
60.8601417542
153.479385376
46.0791091919
89.3590545654
124.445907593
190.464645386
109.708427429
39.8157730103
148.033233643
124.340499878
77.1442565918
62.8170700073
180.283050537
130.272689819
194.170288086
121.023406982
67.7008895874
138.376098633
30.6667900085
104.233322144
48.1836547852
119.047782898
140.08303833
82.3670501709
31.8561229706
78.1053924561
93.0384597778
97.8860931396
95.267578125
67.7579421997
145.265136719
49.3320083618
137.373031616
138.582870483
64.3641815186
94.6116027832
61.6470870972
75.6535186768
61.3078117371
59.1372299194
108.202758789
69.4291000366
45.5356445312
135.122787476
93.4518737793
66.7263717651
154.959869385
135.170593262
69.7822570801
96.3884735107
83.211730957
159.8644104
90.8726119995
140.694458008
126.944694519
39.0830001831
71.1301956177
80.6187896729
187.307266235
88.4900512695
57.9832878113
89.4777374268
32.7935180664
167.93132019
142.105239868
116.2915802
111.432266235
47.9823608398
56.8054885864
11.9276866913
51.9305267334
64.2413330078
34.1745300293
44.6853294373
60.8983001709
97.5992050171
105.788848877
31.6772460938
61.7897758484
85.0704574585
67.4814605713
24.4879398346
67.0138092041
12.4445228577
41.1949729919
21.4526557922
13.4197015762
52.184009552
82.5249404907
16.6554889679
39.820690155
57.7622299194
10.0369501114
83.5497283936
153.136657715
107.766487122
32.0823326111
38.7868118286
99.3969192505
204.008987427
148.577316284
40.7437896729
11.6441278458
98.0805664062
164.464904785
175.228881836
222.6355896
51.8584136963
91.2406692505
107.397216797
83.6013031006
98.2043304443
86.5977935791
31.7251930237
180.706848145
176.941833496
133.707107544
105.71282959
61.5348014832
154.604919434
203.600692749
71.3896026611
72.555480957
153.039916992
19.9206581116
17.4604740143
60.5890274048
176.159484863
98.649772644
38.9183197021
101.807373047
168.015274048
42.9234237671
65.9493560791
148.005554199
83.9857177734
85.9735794067
27.2258815765
82.938293457
26.1518325806
98.9248886108
21.0915431976
100.488891602
83.9289932251
107.068077087
22.4811058044
71.0550994873
62.6539802551
121.787406921
168.081069946
189.119125366
65.1770782471
88.3520889282
76.4248809814
116.0418396
57.0290908813
118.227813721
101.096473694
123.434448242
193.676834106
139.084106445
91.008140564
174.795272827
159.626678467
168.395874023
45.533000946
48.4806518555
99.5547103882
62.3256874084
109.269592285
46.7675666809
56.3627166748
128.932434082
122.933738708
129.483673096
97.7680053711
119.507629395
72.2777099609
56.9856491089
131.881256104
34.1122322083
28.5531425476
69.7089157104
42.8066940308
68.5760192871
133.459747314
126.371620178
71.2422103882
97.2834625244
129.474456787
155.3568573
114.499992371
85.6846084595
140.467056274
105.81539917
175.036392212
118.107841492
112.749046326
76.3935546875
170.124694824
140.616867065
129.02784729
134.076156616
65.603843689
27.7036819458
110.442001343
140.045349121
65.025642395
135.841125488
82.6408157349
171.564590454
166.923202515
124.929046631
91.7782745361
96.1226196289
182.959701538
78.7780075073
55.5527496338
83.1648178101
134.923400879
102.884284973
55.8475074768
40.1692504883
92.5260238647
64.4400558472
111.83215332
106.619750977
66.8081741333
38.5387115479
100.078094482
103.33543396
139.568618774
112.334884644
45.2152366638
147.580627441
181.889785767
67.6676559448
73.4489822388
164.937759399
134.013046265
82.2914581299
51.9251289368
211.105682373
89.38621521
21.4611549377
93.9113845825
19.039188385
89.1004943848
61.1742897034
22.330575943
98.4689788818
24.9705371857
157.907104492
14.7222156525
124.190956116
81.9155502319
86.0406570435
134.545135498
229.400466919
229.531997681
69.1983642578
115.60824585
140.750915527
128.239334106
153.782531738
217.933898926
96.0980148315
114.522712708
177.87286377
77.651184082
183.644165039
184.456878662
159.000961304
176.65864563
103.686096191
77.1002807617
152.015228271
68.5724945068
47.4746246338
203.789520264
201.977798462
207.5
127.488746643
113.875915527
187.117874146
104.547195435
108.214309692
23.0540752411
132.094833374
66.3477935791
129.714447021
74.4137115479
70.8709106445
118.070144653
66.0491409302
113.133651733
185.134155273
74.1365966797
158.111938477
40.4306945801
79.4287643433
117.478492737
54.8895492554
118.439407349
161.693267822
132.058013916
81.0562286377
96.1245727539
79.1700592041
56.1936569214
21.9683246613
66.2313690186
29.4050331116
95.7138061523
24.1376991272
82.8862075806
17.5754470825
108.687721252
48.6220817566
111.082122803
50.3100357056
114.742950439
66.8957138062
127.42098999
59.6324691772
90.255355835
93.4347610474
60.8215408325
107.300979614
124.881973267
30.7044811249
75.1690826416
100.904151917
67.8644485474
62.8739624023
31.7302093506
103.941375732
11.1664552689
16.8160800934
19.9180908203
15.8523311615
18.7453784943
23.2149200439
13.4996881485
89.3333435059
12.5867681503
40.0879211426
32.3015327454
54.0110549927
18.4396400452
9.40136909485
32.7150497437
12.2169628143
20.6139431
42.7415962219
67.3889694214
24.5364761353
113.639801025
20.4727210999
32.5737686157
28.0049285889
17.8466358185
55.0633239746
21.8685932159
48.8858642578
24.7769165039
38.438041687
139.416046143
35.4804954529
27.2440700531
7.64298915863
58.3966827393
7.64298915863
9.14416694641
68.3370513916
90.7189331055
132.461669922
137.058044434
92.1096038818
174.638641357
45.9817428589
66.8344421387
124.468505859
121.021751404
31.3113327026
89.8179321289
67.8556365967
139.474487305
114.787590027
86.8250579834
179.724807739
28.1165809631
84.3698043823
100.39037323
173.114761353
47.8530349731
136.449371338
98.459487915
101.316711426
127.317298889
26.8034343719
146.827377319
126.890342712
46.4467048645
129.669555664
108.220115662
177.658004761
158.723175049
98.0578536987
65.7389755249
109.04385376
59.2338638306
159.380935669
81.5215530396
234.9503479
141.421813965
219.41809082
177.712341309
158.416030884
32.0251846313
155.748748779
183.743408203
143.441680908
96.7008666992
96.7969665527
110.776763916
52.1811294556
103.132644653
56.4726333618
217.466964722
72.1848449707
64.2705841064
113.527481079
194.483627319
119.857315063
137.652252197
133.918334961
74.169303894
45.1362075806
118.262405396
169.266311646
33.041103363
47.3191490173
93.0896530151
25.842924118
168.461380005
92.5672988892
137.315887451
95.9292373657
155.56993103
213.890823364
56.2388839722
157.104782104
103.105072021
74.1919326782
82.9166183472
142.44442749
63.0803527832
12.4897880554
182.039520264
74.9183197021
84.0338439941
111.718414307
92.1209335327
100.463768005
107.292945862
163.67477417
11.8474121094
112.202697754
23.6720504761
137.410980225
189.788818359
150.481109619
131.256698608
63.2698516846
69.308807373
79.3826141357
67.8087539673
79.4776916504
70.69896698
119.517433167
96.0046615601
12.8341007233
87.9815826416
39.4300346375
172.192459106
113.524345398
98.2654800415
63.5577049255
137.92086792
49.9336624146
12.8331441879
15.941034317
37.1392326355
113.602470398
127.651885986
70.9093780518
80.479850769
152.922821045
112.975189209
17.9499797821
240.193023682
93.0325012207
112.402015686
80.6594085693
121.05103302
127.74596405
221.089416504
77.4297714233
132.691864014
81.9102783203
21.2717514038
88.0872192383
27.5456867218
86.0286865234
194.493148804
149.305328369
30.9699134827
112.072952271
141.82510376
19.0668735504
197.641799927
122.122421265
160.904983521
55.2347412109
187.653915405
294.637695312
94.039390564
46.7265548706
169.463867188
123.082977295
134.173446655
191.968322754
67.9645385742
81.6101760864
104.690414429
229.237426758
61.8310508728
141.162033081
91.7743148804
39.4758491516
27.8185482025
116.557029724
96.5877838135
94.0746002197
168.351669312
39.7094116211
60.5244750977
171.694763184
72.0712509155
101.789382935
189.394500732
132.911605835
114.683258057
98.7227249146
110.900283813
90.1270599365
42.1055107117
110.130096436
85.9851379395
36.4028701782
64.4944000244
70.5191268921
18.5845947266
171.602554321
92.5532226562
71.7976074219
114.064376831
152.487335205
46.8443222046
127.493667603
106.866516113
83.6597976685
112.81942749
38.9405784607
124.673713684
46.2651672363
59.3225784302
67.6223144531
206.480285645
29.8635139465
144.55027771
141.228317261
69.4356155396
152.447296143
133.522476196
74.8649673462
31.6266593933
94.2188720703
120.312545776
111.837249756
64.7509307861
165.697097778
62.1563262939
30.5761032104
97.4210510254
136.679229736
111.703475952
182.787796021
81.8954620361
136.639251709
90.3405303955
37.7505073547
59.9400749207
123.716583252
134.220977783
158.884246826
130.73135376
142.021987915
197.268585205
49.1545410156
155.604705811
136.446746826
48.4565658569
148.159347534
80.0371551514
122.803985596
72.5555801392
94.1589736938
87.2043304443
64.2065963745
94.3030853271
110.078826904
44.868106842
98.5604171753
120.733055115
76.2843856812
99.7411575317
109.064292908
36.1509056091
34.4988670349
74.1256637573
82.4111480713
149.635192871
66.692779541
149.38973999
134.473419189
80.3682785034
60.3911476135
111.993003845
75.2642822266
82.5450744629
28.6110267639
82.3808135986
47.3061714172
80.0547943115
153.201843262
181.285003662
140.219665527
102.732955933
140.033401489
51.6714859009
48.7632713318
155.878875732
48.0494766235
104.821899414
78.2038574219
32.9721984863
135.003768921
145.260559082
118.542877197
59.0623512268
101.056838989
180.15725708
147.593063354
97.6981506348
66.439994812
126.53515625
70.9277267456
69.0623931885
95.279258728
96.4213409424
184.411865234
121.918983459
24.5614814758
162.271774292
159.079421997
76.8558807373
32.4252548218
79.4288330078
189.111236572
102.10634613
107.110565186
77.9716949463
11.9821281433
71.0031585693
198.750518799
26.5529441833
198.281311035
137.86807251
83.6567611694
215.901824951
169.075408936
139.292770386
135.975158691
119.872589111
216.278671265
69.359336853
97.6719970703
42.0075721741
114.86366272
135.292541504
72.1160888672
74.5825881958
59.0209579468
109.769561768
74.0555648804
114.661422729
44.7368469238
96.6523590088
139.416244507
181.757736206
136.929153442
134.71987915
115.665679932
88.6476211548
103.704963684
149.573501587
120.109375
120.908660889
140.624557495
136.93737793
52.3552246094
59.4739608765
111.055511475
79.1741485596
143.446090698
185.600952148
171.823455811
78.7250213623
46.9520530701
167.477905273
53.8804779053
98.0599899292
120.342956543
94.1000213623
51.8243789673
121.856010437
27.5544757843
29.0545387268
190.345794678
125.058380127
121.64642334
237.417800903
86.2031402588
117.288131714
93.7053451538
122.593986511
63.8037948608
226.088119507
88.8775787354
188.146606445
192.725845337
132.748275757
142.365112305
153.104278564
154.290481567
89.7752761841
225.879058838
155.243637085
185.421539307
148.103240967
126.616950989
112.700408936
48.0022773743
236.223068237
86.0051956177
110.055656433
81.743560791
62.1212539673
81.1346740723
130.719726562
135.696594238
102.971252441
141.666656494
83.9096984863
74.6133728027
73.9985198975
184.139572144
143.839172363
82.3929138184
105.532585144
142.448760986
114.654693604
191.659637451
83.2951507568
73.1929092407
129.671356201
91.666595459
64.7716140747
73.742225647
111.269546509
51.2871170044
137.232727051
