24.9413299561
38.914264679
35.859588623
39.3812103271
25.940114975
18.7115478516
42.022518158
4.99355792999
22.0445289612
22.219329834
36.0660858154
4.95251655579
29.2963600159
5.34303998947
15.5256328583
21.8209571838
19.0025844574
22.4974689484
14.9691953659
8.52454376221
42.8625259399
18.205871582
39.7213554382
8.5593290329
46.2851638794
15.6815052032
46.1174049377
29.0699901581
12.4312705994
35.9072494507
43.0668640137
46.2044754028
28.3056964874
42.5053482056
34.9095458984
26.1607818604
18.9639587402
35.7317504883
35.8398857117
43.3822555542
42.1676940918
36.1572380066
9.82143592834
4.95251655579
18.8022003174
42.4369049072
5.15102672577
18.1557579041
35.2117576599
22.1173992157
18.775220871
39.3505096436
32.3224525452
46.8325424194
24.6858940125
40.2818412781
